36 24
0 13
1 13
2 12
3 11
4 10
5 9
5 10
6 9
6 11
7 8
7 12
7 13
8 7
8 14
8 15
9 7
9 16
9 17
10 6
10 17
10 18
10 19
11 5
11 17
11 20
11 21
12 4
12 17
12 22
12 23
13 4
13 16
14 3
14 16
15 2
15 16
16 1
16 16
17 1
17 15
18 0
18 15
19 15
20 15
21 14
22 14
23 14
24 0
24 1
24 2
24 14
25 3
25 4
25 13
26 5
26 6
26 7
26 13
27 6
27 8
27 9
27 10
27 13
28 6
28 11
28 12
28 13
29 6
29 13
29 14
29 15
30 6
30 16
30 17
31 6
31 18
31 19
31 20
32 6
32 21
32 22
33 6
33 23
34 6
35 5